uid,locno,DAYNO,stime,etime,X_PUBLIC,Y_PUBLIC
1,4000001_1,94000001,1,1170298800,1170319800,-88.23,41.73
2,4000001_1,20010778,1,1170320400,1170340800,-88.18,41.76
3,4000001_1,94000001,1,1170341400,1170342900,-88.23,41.73
4,4000001_1,20001489,1,1170343800,1170348000,-88.23,41.73
5,4000001_1,20001569,1,1170348600,1170356400,-88.21,41.76
6,4000001_1,20001637,1,1170357000,1170358800,-88.18,41.76
7,4000001_1,20001707,1,1170359400,1170360600,-88.18,41.76
8,4000001_1,94000001,1,1170361200,1170298740,-88.23,41.73
9,4000001_1,94000001,2,1170385200,1170443700,-88.23,41.73
10,4000001_1,20001856,2,1170444300,1170447600,-88.23,41.73
11,4000001_1,94000001,2,1170448200,1170385140,-88.23,41.73
12,4000001_2,94000001,1,1170298800,1170342900,-88.23,41.73
13,4000001_2,20001489,1,1170343800,1170348000,-88.23,41.73
14,4000001_2,20001569,1,1170348600,1170356400,-88.21,41.76
15,4000001_2,20001637,1,1170357000,1170358800,-88.18,41.76
16,4000001_2,20001707,1,1170359400,1170360600,-88.18,41.76
17,4000001_2,94000001,1,1170361200,1170298740,-88.23,41.73
18,4000001_2,94000001,2,1170385200,1170443700,-88.23,41.73
19,4000001_2,20001856,2,1170444300,1170447600,-88.23,41.73
20,4000001_2,94000001,2,1170448200,1170385140,-88.23,41.73
21,4000001_3,94000001,1,1170298800,1170342900,-88.23,41.73
22,4000001_3,20001489,1,1170343800,1170348000,-88.23,41.73
23,4000001_3,20001569,1,1170348600,1170356400,-88.21,41.76
24,4000001_3,20001637,1,1170357000,1170358800,-88.18,41.76
25,4000001_3,20001707,1,1170359400,1170360600,-88.18,41.76
26,4000001_3,94000001,1,1170361200,1170298740,-88.23,41.73
27,4000001_3,94000001,2,1170385200,1170443700,-88.23,41.73
28,4000001_3,20001856,2,1170444300,1170447600,-88.23,41.73
29,4000001_3,94000001,2,1170448200,1170385140,-88.23,41.73
30,4000064_1,94000064,1,1170298800,1170318000,-87.69,42.07
31,4000064_1,10003123,1,1170318300,1170322200,-87.67,42.04
32,4000064_1,10003193,1,1170323280,1170324300,-87.65,41.98
33,4000064_1,10009334,1,1170325200,1170349800,-87.61,41.89
34,4000064_1,94000064,1,1170352200,1170298740,-87.69,42.07
35,4000064_2,94000064,1,1170298800,1170315600,-87.69,42.07
36,4000064_2,10008874,1,1170317100,1170335100,-87.81,42.18
37,4000064_2,10003187,1,1170335400,1170336000,-87.81,42.18
38,4000064_2,10008874,1,1170336300,1170345900,-87.81,42.18
39,4000064_2,10003192,1,1170347400,1170348600,-87.81,42.13
40,4000064_2,10003122,1,1170349800,1170350100,-87.73,42.07
41,4000064_2,10003148,1,1170350400,1170351000,-87.71,42.07
42,4000064_2,94000064,1,1170353400,1170354000,-87.69,42.07
43,4000064_2,10003248,1,1170354300,1170366900,-87.71,42.07
44,4000064_2,94000064,1,1170367200,1170298740,-87.69,42.07
45,4000064_3,94000064,1,1170298800,1170314400,-87.69,42.07
46,4000064_3,10008514,1,1170316200,1170347400,-87.73,42.07
47,4000064_3,94000064,1,1170348000,1170298740,-87.69,42.07
48,4000066_1,94000066,1,1170298800,1170319800,-87.68,41.48
49,4000066_1,10001261,1,1170320400,1170321600,-87.68,41.48
50,4000066_1,10001352,1,1170322200,1170325800,-87.68,41.48
51,4000066_1,10009338,1,1170327600,1170338400,-87.68,41.48
52,4000066_1,10001493,1,1170340200,1170345600,NA,NA
53,4000066_1,94000066,1,1170347400,1170353700,-87.68,41.48
54,4000066_1,10001589,1,1170354600,1170363600,-87.68,41.48
55,4000066_1,94000066,1,1170364500,1170298740,-87.68,41.48
56,4000136_1,94000136,1,1170298800,1170318840,-87.94,42
57,4000136_1,20010561,1,1170321840,1170353100,-88.14,42.22
58,4000136_1,20002970,1,1170354000,1170356700,-88.21,42.26
59,4000136_1,20002996,1,1170357000,1170357900,-88.08,42.2
60,4000136_1,20003012,1,1170358200,1170360000,-88.1,42.17
61,4000136_1,20003035,1,1170361800,1170362400,-87.96,42.04
62,4000136_1,94000136,1,1170363000,1170298740,-87.94,42
63,4000136_1,94000136,2,1170385200,1170403500,-87.94,42
64,4000136_1,20010561,2,1170407100,1170435600,-88.14,42.22
65,4000136_1,20003094,2,1170438840,1170439500,-88.01,42.02
66,4000136_1,20003101,2,1170439800,1170439860,-88.01,41.97
67,4000136_1,20003115,2,1170440100,1170453300,-87.99,41.95
68,4000136_1,94000136,2,1170454800,1170385140,-87.94,42
69,4000136_2,94000136,1,1170298800,1170332280,-87.94,42
70,4000136_2,20003150,1,1170332460,1170332880,-87.94,42
71,4000136_2,20003159,1,1170334320,1170334800,-88.09,42.03
72,4000136_2,20003167,1,1170335400,1170337500,-88.1,42.04
73,4000136_2,20003176,1,1170338100,1170347520,-88.05,42.05
74,4000136_2,20003167,1,1170348240,1170348540,-88.1,42.04
75,4000136_2,94000136,1,1170350400,1170298740,-87.94,42
76,4000136_2,94000136,2,1170385200,1170420240,-87.94,42
77,4000136_2,20003192,2,1170420660,1170420840,-87.9,42.01
78,4000136_2,20003196,2,1170420900,1170421200,-87.9,42.01
79,4000136_2,20003200,2,1170421440,1170422220,-87.9,42.01
80,4000136_2,20003203,2,1170422520,1170423240,-87.96,42.04
81,4000136_2,20003208,2,1170423540,1170424020,-87.94,42
82,4000136_2,20003212,2,1170424920,1170424980,-87.94,42.02
83,4000136_2,94000136,2,1170425400,1170385140,-87.94,42
84,4000154_1,94000154,1,1170298800,1170316800,-88.36,41.77
85,4000154_1,20010576,1,1170318600,1170347400,NA,NA
86,4000154_1,94000154,1,1170349800,1170298740,-88.36,41.77
87,4000154_1,94000154,2,1170385200,1170404100,-88.36,41.77
88,4000154_1,20010576,2,1170408000,1170437400,NA,NA
89,4000154_1,94000154,2,1170439500,1170385140,-88.36,41.77
90,4000158_1,94000158,1,1170298800,1170309840,-88.11,41.68
91,4000158_1,20010578,1,1170311700,1170343800,-88.05,41.79
92,4000158_1,94000158,1,1170345780,1170298740,-88.11,41.68
93,4000158_1,94000158,2,1170385200,1170396420,-88.11,41.68
94,4000158_1,20010578,2,1170397740,1170430200,-88.05,41.79
95,4000158_1,94000158,2,1170430740,1170434100,-88.11,41.68
96,4000158_1,20001708,2,1170434520,1170434940,-88.11,41.68
97,4000158_1,94000158,2,1170435420,1170385140,-88.11,41.68
98,4000158_2,94000158,1,1170298800,1170324600,-88.11,41.68
99,4000158_2,20001857,1,1170326100,1170329640,-88.16,41.57
100,4000158_2,20001908,1,1170331260,1170331740,-88.11,41.68
101,4000158_2,94000158,1,1170332040,1170298740,-88.11,41.68
102,4000158_2,94000158,2,1170385200,1170385140,-88.11,41.68
103,4000160_1,94000160,1,1170298800,1170317700,-87.9,41.91
104,4000160_1,10003168,1,1170318600,1170334800,-87.85,41.89
105,4000160_1,94000160,1,1170336600,1170338400,-87.9,41.91
106,4000160_1,10003168,1,1170339300,1170344700,-87.85,41.89
107,4000160_1,94000160,1,1170345600,1170345660,-87.9,41.91
108,4000160_1,10003177,1,1170346200,1170347400,-87.9,41.91
109,4000160_1,94000160,1,1170347940,1170298740,-87.9,41.91
110,4000160_2,94000160,1,1170298800,1170317700,-87.9,41.91
111,4000160_2,10003168,1,1170318600,1170334800,-87.85,41.89
112,4000160_2,94000160,1,1170336600,1170338400,-87.9,41.91
113,4000160_2,10003168,1,1170339300,1170344700,-87.85,41.89
114,4000160_2,94000160,1,1170345600,1170345660,-87.9,41.91
115,4000160_2,10003177,1,1170346200,1170347400,-87.9,41.91
116,4000160_2,94000160,1,1170347940,1170298740,-87.9,41.91
117,4000176_1,94000176,1,1170298800,1170306900,-87.83,41.63
118,4000176_1,20010590,1,1170307800,1170356400,-87.85,41.62
119,4000176_1,94000176,1,1170357000,1170298740,-87.83,41.63
120,4000176_1,94000176,2,1170385200,1170394980,-87.83,41.63
121,4000176_1,20008373,2,1170396000,1170399600,-87.81,41.6
122,4000176_1,94000176,2,1170400500,1170402300,-87.83,41.63
123,4000176_1,20008297,2,1170403200,1170409800,-87.82,41.69
124,4000176_1,20008275,2,1170410700,1170416400,-87.83,41.66
125,4000176_1,20008297,2,1170417480,1170424500,-87.82,41.69
126,4000176_1,94000176,2,1170425760,1170436500,-87.83,41.63
127,4000176_1,20008297,2,1170437700,1170445800,-87.82,41.69
128,4000176_1,94000176,2,1170446940,1170385140,-87.83,41.63
129,4000176_2,94000176,1,1170298800,1170311400,-87.83,41.63
130,4000176_2,20008241,1,1170312300,1170343800,-87.82,41.66
131,4000176_2,94000176,1,1170344700,1170298740,-87.83,41.63
132,4000176_2,94000176,2,1170385200,1170397800,-87.83,41.63
133,4000176_2,20008241,2,1170398700,1170430200,-87.82,41.66
134,4000176_2,94000176,2,1170431100,1170385140,-87.83,41.63
135,4000193_1,94000193,1,1170298800,1170335700,-87.7,41.68
136,4000193_1,20001306,1,1170336000,1170336600,-87.7,41.68
137,4000193_1,20001400,1,1170336900,1170339300,-87.7,41.68
138,4000193_1,94000193,1,1170339600,1170298740,-87.7,41.68
139,4000193_1,94000193,2,1170385200,1170385140,-87.7,41.68
140,4000218_1,94000218,1,1170298800,1170324000,-88.12,41.82
141,4000218_1,10001262,1,1170324900,1170325500,-88.12,41.82
142,4000218_1,94000218,1,1170326100,1170340200,-88.12,41.82
143,4000218_1,10001430,1,1170340800,1170342000,-87.93,41.84
144,4000218_1,10001494,1,1170342300,1170345600,-87.93,41.84
145,4000218_1,10001430,1,1170345900,1170347400,-87.93,41.84
146,4000218_1,10001590,1,1170349200,1170351300,-88.12,41.82
147,4000218_1,94000218,1,1170351480,1170360900,-88.12,41.82
148,4000218_1,10001662,1,1170361200,1170365100,-88.09,41.83
149,4000218_1,94000218,1,1170365520,1170298740,-88.12,41.82
150,4000218_2,94000218,1,1170298800,1170317700,-88.12,41.82
151,4000218_2,10001662,1,1170318300,1170322800,-88.09,41.83
152,4000218_2,10001736,1,1170323100,1170323400,-88.09,41.83
153,4000218_2,10001745,1,1170324000,1170326400,-88.11,41.86
154,4000218_2,94000218,1,1170326700,1170327000,-88.12,41.82
155,4000218_2,10001736,1,1170327600,1170328800,-88.09,41.83
156,4000218_2,10001762,1,1170330000,1170330600,-88.09,41.83
157,4000218_2,94000218,1,1170331200,1170298740,-88.12,41.82
158,4000228_1,94000228,1,1170298800,1170338400,-88.12,41.84
159,4000228_1,10001263,1,1170340200,1170340800,-87.98,41.87
160,4000228_1,10001353,1,1170341100,1170298740,-88,41.88
161,4000228_2,94000228,1,1170298800,1170318600,-88.12,41.84
162,4000228_2,10008927,1,1170320100,1170360000,-87.93,41.89
163,4000228_2,94000228,1,1170361500,1170298740,-88.12,41.84
164,4000230_1,94000230,1,1170298800,1170332400,-87.85,41.62
165,4000230_1,94000230,1,1170333000,1170337500,-87.85,41.62
166,4000230_1,94000230,1,1170338280,1170298740,-87.85,41.62
167,4000230_1,94000230,2,1170385200,1170412200,-87.85,41.62
168,4000230_1,20001570,2,1170412500,1170413400,-87.85,41.62
169,4000230_1,20001638,2,1170414000,1170414840,-87.83,41.63
170,4000230_1,94000230,2,1170414900,1170385140,-87.85,41.62
171,4000230_2,94000230,1,1170298800,1170354900,-87.85,41.62
172,4000230_2,20001806,1,1170356400,1170364800,NA,NA
173,4000230_2,94000230,1,1170366000,1170298740,-87.85,41.62
174,4000230_2,94000230,2,1170385200,1170396600,-87.85,41.62
175,4000230_2,20010075,2,1170398100,1170430500,-87.77,41.61
176,4000230_2,94000230,2,1170431400,1170385140,-87.85,41.62
177,4000239_1,94000239,1,1170298800,1170318000,-87.75,41.48
178,4000239_1,10001591,1,1170318600,1170319500,-87.73,41.6
179,4000239_1,94000239,1,1170319920,1170327780,-87.75,41.48
180,4000239_1,10001663,1,1170328560,1170331260,-87.74,41.85
181,4000239_1,94000239,1,1170332040,1170339000,-87.75,41.48
182,4000239_1,10001710,1,1170340680,1170353400,NA,NA
183,4000239_1,94000239,1,1170354840,1170298740,-87.75,41.48
184,4000239_2,94000239,1,1170298800,1170313200,-87.75,41.48
185,4000239_2,10001264,1,1170315000,1170325800,NA,NA
186,4000239_2,10001354,1,1170327600,1170340200,-87.75,41.42
187,4000239_2,10001431,1,1170341100,1170343800,-87.85,41.49
188,4000239_2,94000239,1,1170345600,1170298740,-87.75,41.48
189,4000260_1,94000260,1,1170298800,1170323820,-87.95,41.76
190,4000260_1,20002944,1,1170324900,1170325380,-87.92,41.73
191,4000260_1,20002971,1,1170325800,1170325860,-87.89,41.81
192,4000260_1,20002997,1,1170325980,1170326280,-87.86,41.79
193,4000260_1,20003013,1,1170326820,1170327180,-87.88,41.8
194,4000260_1,20003036,1,1170327900,1170330720,-87.84,41.77
195,4000260_1,20003054,1,1170332100,1170335400,-87.84,41.77
196,4000260_1,20003066,1,1170336600,1170339480,-87.97,41.78
197,4000260_1,94000260,1,1170340200,1170298740,-87.95,41.76
198,4000260_1,94000260,2,1170385200,1170403500,-87.95,41.76
199,4000260_1,20003102,2,1170404400,1170409500,-87.86,41.79
200,4000260_1,20003116,2,1170410700,1170411300,-87.97,41.79
201,4000260_1,94000260,2,1170412020,1170418200,-87.95,41.76
202,4000260_1,20003138,2,1170419280,1170425100,-87.86,41.79
203,4000260_1,20003151,2,1170425400,1170427320,-87.86,41.82
204,4000260_1,94000260,2,1170430020,1170385140,-87.95,41.76
205,4000260_2,94000260,1,1170298800,1170323820,-87.95,41.76
206,4000260_2,20002944,1,1170324900,1170325380,-87.92,41.73
207,4000260_2,20002971,1,1170325800,1170325860,-87.89,41.81
208,4000260_2,20002997,1,1170325980,1170326280,-87.86,41.79
209,4000260_2,20003013,1,1170326820,1170327180,-87.88,41.8
210,4000260_2,20003036,1,1170327900,1170330720,-87.84,41.77
211,4000260_2,20003054,1,1170332100,1170335400,-87.84,41.77
212,4000260_2,20003066,1,1170336600,1170339480,-87.97,41.78
213,4000260_2,94000260,1,1170340200,1170298740,-87.95,41.76
214,4000260_2,94000260,2,1170385200,1170403500,-87.95,41.76
215,4000260_2,20003102,2,1170404400,1170409500,-87.86,41.79
216,4000260_2,20003116,2,1170410700,1170411300,-87.97,41.79
217,4000260_2,94000260,2,1170412020,1170385140,-87.95,41.76
218,4000301_1,94000301,1,1170298800,1170298740,-87.9,42.45
219,4000301_2,94000301,1,1170298800,1170318300,-87.9,42.45
220,4000301_2,10008964,1,1170319080,1170331800,-87.82,42.45
221,4000301_2,10003093,1,1170332040,1170334800,-87.82,42.45
222,4000301_2,10008964,1,1170335040,1170356100,-87.82,42.45
223,4000301_2,94000301,1,1170356880,1170369900,-87.9,42.45
224,4000301_2,10003200,1,1170370680,1170370920,-87.82,42.45
225,4000301_2,10003098,1,1170371100,1170371280,-87.82,42.45
226,4000301_2,94000301,1,1170372000,1170298740,-87.9,42.45
227,4000301_3,94000301,1,1170298800,1170318300,-87.9,42.45
228,4000301_3,10008964,1,1170319080,1170341700,-87.82,42.45
229,4000301_3,10008515,1,1170349200,1170363300,-87.63,41.9
230,4000301_3,10003099,1,1170370800,1170370920,-87.82,42.45
231,4000301_3,10003098,1,1170371100,1170371280,-87.82,42.45
232,4000301_3,94000301,1,1170372000,1170298740,-87.9,42.45
233,4000301_4,94000301,1,1170298800,1170326400,-87.9,42.45
234,4000301_4,10003183,1,1170326640,1170326820,-87.96,42.45
235,4000301_4,10003136,1,1170328500,1170329100,-87.97,42.39
236,4000301_4,10003249,1,1170329400,1170333000,-87.94,42.35
237,4000301_4,94000301,1,1170334200,1170336000,-87.9,42.45
238,4000301_4,10003252,1,1170336600,1170337800,-87.83,42.44
239,4000301_4,10003225,1,1170338280,1170338580,-87.83,42.45
240,4000301_4,94000301,1,1170339300,1170298740,-87.9,42.45
241,4000301_5,94000301,1,1170298800,1170298740,-87.9,42.45
242,4000306_1,94000306,1,1170298800,1170333000,-88.21,41.57
243,4000306_1,10003198,1,1170334800,1170336600,-88.08,41.52
244,4000306_1,10003250,1,1170337500,1170338400,-88.08,41.52
245,4000306_1,10003141,1,1170340200,1170341400,-88.16,41.57
246,4000306_1,94000306,1,1170342000,1170349200,-88.21,41.57
247,4000306_1,10003189,1,1170349800,1170356400,-88.16,41.57
248,4000306_1,94000306,1,1170357000,1170298740,-88.21,41.57
249,4000306_2,94000306,1,1170298800,1170333000,-88.21,41.57
250,4000306_2,10003198,1,1170334800,1170336600,-88.08,41.52
251,4000306_2,10003250,1,1170337500,1170338400,-88.08,41.52
252,4000306_2,10003141,1,1170340200,1170341400,-88.16,41.57
253,4000306_2,10003129,1,1170342900,1170346500,-88.11,41.68
254,4000306_2,10003189,1,1170347400,1170354600,-88.16,41.57
255,4000306_2,10003124,1,1170355200,1170358200,-88.16,41.57
256,4000306_2,94000306,1,1170358800,1170298740,-88.21,41.57
257,4000306_3,94000306,1,1170298800,1170321300,-88.21,41.57
258,4000306_3,10008516,1,1170323100,1170327600,-88.16,41.5
259,4000306_3,10003144,1,1170329400,1170331200,-88.16,41.57
260,4000306_3,10009117,1,1170347400,1170372600,-88.07,41.79
261,4000306_3,94000306,1,NA,1170298740,-88.21,41.57
262,4000338_1,94000338,1,1170298800,1170315000,-87.86,42.03
263,4000338_1,10009222,1,1170316500,1170331500,-87.83,42.16
264,4000338_1,10001355,1,1170331800,1170332700,-87.81,42.13
265,4000338_1,10009222,1,1170333000,1170346500,-87.83,42.16
266,4000338_1,94000338,1,1170348600,1170298740,-87.86,42.03
267,4000338_2,94000338,1,1170298800,1170313500,-87.86,42.03
268,4000338_2,10008805,1,1170315600,1170347400,-87.84,42.1
269,4000338_2,94000338,1,1170349200,1170298740,-87.86,42.03
270,4000414_1,94000414,1,1170298800,1170311400,-87.66,42
271,4000414_1,10009269,1,1170314100,1170340200,-87.64,41.87
272,4000414_1,10006595,1,1170358200,1170298740,NA,NA
273,4000414_2,94000414,1,1170298800,1170326700,-87.66,42
274,4000414_2,10006590,1,1170331920,1170336600,-87.63,41.87
275,4000414_2,10006594,1,1170338280,1170345480,-87.61,41.89
276,4000414_2,94000414,1,1170350160,1170298740,-87.66,42
277,4000424_1,94000424,1,1170298800,1170347400,-88.32,42.22
278,4000424_1,10001552,1,1170347700,1170348720,-88.34,42.22
279,4000424_1,10001592,1,1170349380,1170353880,-88.33,42.19
280,4000424_1,94000424,1,1170354180,1170298740,-88.32,42.22
281,4000424_2,94000424,1,1170298800,1170307020,-88.32,42.22
282,4000424_2,10008839,1,1170307740,1170310800,-88.29,42.18
283,4000424_2,10001356,1,1170311460,1170315780,-88.26,42.22
284,4000424_2,10008839,1,1170316800,1170343500,-88.29,42.18
285,4000424_2,94000424,1,1170344280,1170347100,-88.32,42.22
286,4000424_2,10001552,1,1170347700,1170348720,-88.34,42.22
287,4000424_2,10001592,1,1170349380,1170353880,-88.33,42.19
288,4000424_2,94000424,1,1170354180,1170298740,-88.32,42.22
289,4000424_3,94000424,1,1170298800,1170313920,-88.32,42.22
290,4000424_3,10008517,1,1170314160,1170341700,-88.33,42.19
291,4000424_3,94000424,1,1170342000,1170344700,-88.32,42.22
292,4000424_3,10001136,1,1170344880,1170354300,-88.32,42.22
293,4000424_3,94000424,1,1170354480,1170298740,-88.32,42.22
294,4000431_1,94000431,1,1170298800,1170311400,-88.05,42.4
295,4000431_1,20010739,1,1170319200,1170351000,-87.62,41.88
296,4000431_1,94000431,1,1170358500,1170298740,-88.05,42.4
297,4000431_1,94000431,2,1170385200,1170397800,-88.05,42.4
298,4000431_1,20010739,2,1170405600,1170437400,-87.62,41.88
299,4000431_1,94000431,2,1170444900,1170385140,-88.05,42.4
300,4000436_1,94000436,1,1170298800,1170315900,-87.63,41.93
301,4000436_1,20001307,1,1170316200,1170317400,-87.63,41.94
302,4000436_1,20001401,1,1170318600,1170318900,-87.69,42.01
303,4000436_1,20001490,1,1170319500,1170322800,-87.71,42
304,4000436_1,20001490,1,1170323400,1170323700,-87.71,42
305,4000436_1,94000436,1,1170326400,1170330900,-87.63,41.93
306,4000436_1,20001709,1,1170332100,1170344700,-87.65,41.95
307,4000436_1,94000436,1,1170345300,1170298740,-87.63,41.93
308,4000436_1,94000436,2,1170385200,1170398100,-87.63,41.93
309,4000436_1,20002015,2,1170398880,1170401400,-87.63,41.94
310,4000436_1,20002049,2,1170402000,1170403200,-87.63,41.93
311,4000436_1,94000436,2,1170403260,1170412200,-87.63,41.93
312,4000436_1,20002102,2,1170413100,1170418500,-87.65,41.95
313,4000436_1,20002121,2,1170419400,1170420300,-87.66,41.95
314,4000436_1,20002134,2,1170420900,1170424500,-87.64,41.93
315,4000436_1,94000436,2,1170425100,1170385140,-87.63,41.93
316,4000436_2,94000436,1,1170298800,1170322200,-87.63,41.93
317,4000436_2,20001858,1,1170323100,1170330900,-87.64,41.95
318,4000436_2,20001909,1,1170332100,1170344700,-87.65,41.95
319,4000436_2,94000436,1,1170345300,1170298740,-87.63,41.93
320,4000436_2,94000436,2,1170385200,1170385140,-87.63,41.93
321,4000437_1,94000437,1,1170298800,1170298740,-88.28,42.2
322,4000437_1,94000437,2,1170385200,1170385140,-88.28,42.2
323,4000447_1,94000447,1,1170298800,1170312720,-88.19,41.82
324,4000447_1,10003114,1,1170313200,1170315180,-88.19,41.82
325,4000447_1,10009538,1,1170316380,1170322500,-88.12,41.88
326,4000447_1,10003137,1,1170322740,1170323040,-88.12,41.88
327,4000447_1,10003154,1,1170323340,1170323640,NA,NA
328,4000447_1,10003103,1,1170324060,1170324120,-88.12,41.86
329,4000447_1,10003162,1,1170324240,1170324600,-88.12,41.86
330,4000447_1,10003241,1,1170324840,1170325140,-88.11,41.86
331,4000447_1,10009538,1,1170325440,1170325800,-88.12,41.88
332,4000447_1,10003107,1,1170326100,1170326700,-88.09,41.87
333,4000447_1,10003116,1,1170326880,1170327180,NA,NA
334,4000447_1,10003219,1,1170327480,1170328020,-88.09,41.86
335,4000447_1,10009538,1,1170328800,1170333600,-88.12,41.88
336,4000447_1,10003154,1,1170334260,1170334740,NA,NA
337,4000447_1,10003137,1,1170335100,1170335340,-88.12,41.88
338,4000447_1,10003107,1,1170335640,1170336480,-88.09,41.87
339,4000447_1,10003116,1,1170336660,1170336900,NA,NA
340,4000447_1,10009538,1,1170337200,1170337860,-88.12,41.88
341,4000447_1,10003162,1,1170338340,1170338700,-88.12,41.86
342,4000447_1,10003219,1,1170339120,1170339360,-88.09,41.86
343,4000447_1,10003241,1,1170339660,1170340080,-88.11,41.86
344,4000447_1,10009538,1,1170340680,1170343140,-88.12,41.88
345,4000447_1,10003181,1,1170343680,1170343740,-88.09,41.86
346,4000447_1,10003247,1,1170344880,1170345480,-88.17,41.84
347,4000447_1,94000447,1,1170345900,1170298740,-88.19,41.82
348,4000447_2,94000447,1,1170298800,1170315600,-88.19,41.82
349,4000447_2,10010368,1,1170316080,1170324000,-88.19,41.79
350,4000447_2,10003128,1,1170325380,1170329280,-88.13,41.84
351,4000447_2,10010368,1,1170330780,1170349440,-88.19,41.79
352,4000447_2,94000447,1,1170349980,1170298740,-88.19,41.82
353,4000458_1,94000458,1,1170298800,1170320400,-87.61,41.89
354,4000458_1,20001807,1,1170320580,1170321600,-87.61,41.89
355,4000458_1,94000458,1,1170321780,1170331200,-87.61,41.89
356,4000458_1,20001910,1,1170331380,1170332280,-87.61,41.89
357,4000458_1,94000458,1,1170332460,1170298740,-87.61,41.89
358,4000458_1,94000458,2,1170385200,1170405000,-87.61,41.89
359,4000458_1,20002016,2,1170405180,1170405900,-87.61,41.89
360,4000458_1,20002050,2,1170413100,1170417600,-87.9,41.97
361,4000458_1,20002080,2,1170430200,1170385140,NA,NA
362,4000458_2,94000458,1,1170298800,1170312000,-87.61,41.89
363,4000458_2,20001308,1,1170313800,1170314100,-87.59,41.7
364,4000458_2,20009976,1,1170314400,1170346500,-87.59,41.66
365,4000458_2,94000458,1,1170348900,1170298740,-87.61,41.89
366,4000458_2,94000458,2,1170385200,1170399300,-87.61,41.89
367,4000458_2,20009976,2,1170400920,1170434340,-87.59,41.66
368,4000458_2,94000458,2,1170436680,1170385140,-87.61,41.89
369,4000467_1,94000467,1,1170298800,1170316500,-87.93,41.97
370,4000467_1,10009552,1,1170317220,1170350160,-87.94,41.95
371,4000467_1,10002945,1,1170350460,1170351780,-87.94,41.95
372,4000467_1,94000467,1,1170352020,1170298740,-87.93,41.97
373,4000467_2,94000467,1,1170298800,1170314100,-87.93,41.97
374,4000467_2,10010370,1,1170315060,1170317460,-87.86,41.96
375,4000467_2,94000467,1,1170318480,1170298740,-87.93,41.97
376,4000520_1,94000520,1,1170298800,1170315000,-87.71,41.85
377,4000520_1,20002628,1,1170316800,1170316920,-87.68,41.87
378,4000520_1,94000520,1,1170318600,1170320400,-87.71,41.85
379,4000520_1,20002663,1,1170322200,1170325800,-87.66,41.72
380,4000520_1,94000520,1,1170327600,1170349200,-87.71,41.85
381,4000520_1,20002624,1,1170351900,1170365400,-87.63,41.9
382,4000520_1,94000520,1,1170367200,1170298740,-87.71,41.85
383,4000520_1,94000520,2,1170385200,1170385140,-87.71,41.85
384,4000520_2,94000520,1,1170298800,1170315000,-87.71,41.85
385,4000520_2,20009571,1,1170316800,1170341100,-87.68,41.87
386,4000520_2,94000520,1,1170343800,1170298740,-87.71,41.85
387,4000520_2,94000520,2,1170385200,1170385140,-87.71,41.85
388,4000523_1,94000523,1,1170298800,1170314100,-87.63,41.9
389,4000523_1,20010789,1,1170315900,1170350100,-87.63,41.88
390,4000523_1,20001402,1,1170350280,1170370800,-87.63,41.88
391,4000523_1,20001491,1,1170371700,1170295200,-87.63,41.88
392,4000523_1,94000523,1,1170296100,1170298740,-87.63,41.9
393,4000523_1,94000523,2,1170385200,1170448200,-87.63,41.9
394,4000523_1,20001710,2,1170451800,NA,-87.7,41.95
395,4000523_1,20001757,2,1170378000,1170379800,-87.64,41.92
396,4000523_1,94000523,2,1170381600,1170385140,-87.63,41.9
397,4000528_1,10001260,1,1170298800,1170298740,NA,NA
398,4000528_2,94000528,1,1170298800,1170298740,-88.54,41.67
399,4000528_3,94000528,1,1170298800,1170298740,-88.54,41.67
400,4000548_1,94000548,1,1170298800,1170327600,-87.63,41.9
401,4000548_1,20001309,1,1170327900,1170333300,-87.63,41.88
402,4000548_1,94000548,1,1170333600,1170340200,-87.63,41.9
403,4000548_1,20001492,1,1170340800,1170341760,-87.63,41.88
404,4000548_1,20001571,1,1170341940,1170343800,-87.63,41.9
405,4000548_1,94000548,1,1170344400,1170355800,-87.63,41.9
406,4000548_1,20001711,1,1170357600,1170369000,-87.63,41.88
407,4000548_1,94000548,1,1170371100,1170298740,-87.63,41.9
408,4000548_1,94000548,2,1170385200,1170413400,-87.63,41.9
409,4000548_1,20001309,2,1170413760,1170419100,-87.63,41.88
410,4000548_1,94000548,2,1170419400,1170431100,-87.63,41.9
411,4000548_1,20001945,2,1170432180,1170435600,-87.62,41.88
412,4000548_1,20001977,2,1170436200,1170440400,-87.62,41.9
413,4000548_1,94000548,2,1170442080,1170385140,-87.63,41.9
414,4000552_1,94000552,1,1170298800,1170298740,-88.01,42.25
415,4000552_1,94000552,2,1170385200,1170385140,-88.01,42.25
416,4000552_2,94000552,1,1170298800,1170298740,-88.01,42.25
417,4000552_2,94000552,2,1170385200,1170385140,-88.01,42.25
418,4000577_1,94000577,1,1170298800,1170316800,-87.73,42.09
419,4000577_1,94000577,1,1170318600,1170322200,-87.73,42.09
420,4000577_1,10001357,1,1170322800,1170323400,-87.69,42.07
421,4000577_1,10001432,1,1170324900,1170333600,-87.63,41.93
422,4000577_1,10001357,1,1170336000,1170336900,-87.69,42.07
423,4000577_1,94000577,1,1170337500,1170343800,-87.73,42.09
424,4000577_1,10001593,1,1170344280,1170345120,-87.71,42.07
425,4000577_1,10001631,1,1170345480,1170346500,-87.68,42.06
426,4000577_1,94000577,1,1170347400,1170352200,-87.73,42.09
427,4000577_1,10001690,1,1170352800,1170353400,-87.71,42.07
428,4000577_1,94000577,1,1170354000,1170354600,-87.73,42.09
429,4000577_1,94000577,1,1170355800,1170367200,-87.73,42.09
430,4000577_1,94000577,1,1170369000,1170298740,-87.73,42.09
431,4000647_1,94000647,1,1170298800,1170314100,-88.2,41.68
432,4000647_1,20011739,1,1170316200,1170352200,-88.21,41.76
433,4000647_1,94000647,1,1170354900,1170298740,-88.2,41.68
434,4000647_1,94000647,2,1170385200,1170400500,-88.2,41.68
435,4000647_1,20011739,2,1170402300,1170436500,-88.21,41.76
436,4000647_1,94000647,2,1170445200,1170385140,-88.2,41.68
437,4000647_2,94000647,1,1170298800,1170312600,-88.2,41.68
438,4000647_2,20000137,1,1170315600,1170347400,-88.09,41.86
439,4000647_2,94000647,1,1170351000,1170298740,-88.2,41.68
440,4000647_2,94000647,2,1170385200,1170399600,-88.2,41.68
441,4000647_2,20001911,2,1170401100,1170401400,-88.13,41.79
442,4000647_2,20000137,2,1170403200,1170433800,-88.09,41.86
443,4000647_2,20001911,2,1170435600,1170436500,-88.13,41.79
444,4000647_2,94000647,2,1170439200,1170385140,-88.2,41.68
445,4000663_1,94000663,1,1170298800,1170360240,-87.85,41.73
446,4000663_1,20001310,1,1170360720,1170370620,-87.87,41.78
447,4000663_1,94000663,1,1170371100,1170371700,-87.85,41.73
448,4000663_1,20001493,1,1170372300,1170374040,-87.84,41.77
449,4000663_1,20001572,1,NA,1170298740,-87.6,41.79
450,4000663_1,20001572,2,1170385200,1170394200,-87.6,41.79
451,4000663_1,94000663,2,1170396300,1170405900,-87.85,41.73
452,4000663_1,20001758,2,1170406200,1170406500,-87.84,41.77
453,4000663_1,20001572,2,1170409500,1170425400,-87.6,41.79
454,4000663_1,20001859,2,1170427920,1170429180,-87.84,41.77
455,4000663_1,94000663,2,1170429360,1170434400,-87.85,41.73
456,4000663_1,20001946,2,1170434760,1170436500,-87.86,41.8
457,4000663_1,94000663,2,1170436680,1170385140,-87.85,41.73
458,4000663_2,94000663,1,1170298800,1170315000,-87.85,41.73
459,4000663_2,20001758,1,1170315300,1170315600,-87.84,41.77
460,4000663_2,20002081,1,1170315900,1170323400,-87.88,41.68
461,4000663_2,94000663,1,1170323700,1170334800,-87.85,41.73
462,4000663_2,20002122,1,1170335400,1170337500,-87.89,41.74
463,4000663_2,94000663,1,1170338100,1170371700,-87.85,41.73
464,4000663_2,20001493,1,1170372300,1170374040,-87.84,41.77
465,4000663_2,20001572,1,NA,1170298740,-87.6,41.79
466,4000663_2,20001572,2,1170385200,1170394200,-87.6,41.79
467,4000663_2,94000663,2,1170396300,1170399600,-87.85,41.73
468,4000663_2,20001758,2,1170399900,1170401100,-87.84,41.77
469,4000663_2,20002081,2,1170401700,1170409200,-87.88,41.68
470,4000663_2,94000663,2,1170409800,1170411300,-87.85,41.73
471,4000663_2,20001572,2,1170413400,1170415200,-87.6,41.79
472,4000663_2,94000663,2,1170417600,1170423900,-87.85,41.73
473,4000663_2,20001572,2,1170426000,1170429300,-87.6,41.79
474,4000663_2,94000663,2,1170432300,1170433800,-87.85,41.73
475,4000663_2,20001859,2,1170434100,1170435300,-87.84,41.77
476,4000663_2,94000663,2,1170435600,1170385140,-87.85,41.73
477,4000680_1,94000680,1,1170298800,1170345600,-87.77,41.51
478,4000680_1,20003759,1,1170346500,1170374400,-87.72,41.57
479,4000680_1,94000680,1,NA,1170298740,-87.77,41.51
480,4000680_1,20010581,2,1170385200,1170396000,-87.7,41.59
481,4000680_1,94000680,2,1170397800,1170385140,-87.77,41.51
482,4000680_2,94000680,1,1170298800,1170315900,-87.77,41.51
483,4000680_2,20003571,1,1170317400,1170342000,-87.66,41.51
484,4000680_2,94000680,1,1170342900,1170298740,-87.77,41.51
485,4000680_2,94000680,2,1170385200,1170402300,-87.77,41.51
486,4000680_2,20003571,2,1170403800,1170428400,-87.66,41.51
487,4000680_2,94000680,2,1170429300,1170385140,-87.77,41.51
488,4000680_3,94000680,1,1170298800,1170300600,-87.77,41.51
489,4000680_3,20010293,1,1170300900,1170334800,-87.72,41.49
490,4000680_3,94000680,1,1170335100,1170298740,-87.77,41.51
491,4000680_3,94000680,2,1170385200,1170387000,-87.77,41.51
492,4000680_3,20010293,2,1170387300,1170421200,-87.72,41.49
493,4000680_3,94000680,2,1170421500,1170385140,-87.77,41.51
494,4000680_4,94000680,1,1170298800,1170315900,-87.77,41.51
495,4000680_4,20003554,1,1170318300,1170342000,-87.75,41.48
496,4000680_4,94000680,1,1170344700,1170298740,-87.77,41.51
497,4000680_4,94000680,2,1170385200,1170402300,-87.77,41.51
498,4000680_4,20003554,2,1170404700,1170428400,-87.75,41.48
499,4000680_4,94000680,2,1170431100,1170385140,-87.77,41.51
500,4000680_5,94000680,1,1170298800,1170315900,-87.77,41.51
501,4000680_5,20003555,1,1170318300,1170342000,-87.75,41.48
502,4000680_5,94000680,1,1170344700,1170298740,-87.77,41.51
503,4000680_5,94000680,2,1170385200,1170402300,-87.77,41.51
504,4000680_5,20003555,2,1170404700,1170428400,-87.75,41.48
505,4000680_5,94000680,2,1170431100,1170385140,-87.77,41.51
506,4000695_1,94000695,1,1170298800,1170317700,-87.71,42
507,4000695_1,20001311,1,1170319680,1170319740,-87.74,41.78
508,4000695_1,20001403,1,1170321600,1170325800,-87.73,41.98
509,4000695_1,94000695,1,1170326700,1170298740,-87.71,42
510,4000695_1,94000695,2,1170385200,1170397500,-87.71,42
511,4000695_1,20010882,2,1170398340,1170425700,-87.73,42.05
512,4000695_1,20001712,2,1170426180,1170427200,-87.75,42.05
513,4000695_1,20001759,2,1170427500,1170432360,-87.73,42.05
514,4000695_1,94000695,2,1170433800,1170385140,-87.71,42
515,4000695_2,94000695,1,1170298800,1170315900,-87.71,42
516,4000695_2,20001912,1,1170316500,1170328500,-87.73,41.98
517,4000695_2,94000695,1,1170329400,1170352800,-87.71,42
518,4000695_2,94000695,1,1170354600,1170298740,-87.71,42
519,4000695_2,94000695,2,1170385200,1170401400,-87.71,42
520,4000695_2,20010247,2,1170403200,1170435600,-87.66,41.98
521,4000695_2,94000695,2,1170437400,1170385140,-87.71,42
522,4000698_1,94000698,1,1170298800,1170298740,-87.75,42.11
523,4000698_2,94000698,1,1170298800,1170334800,-87.75,42.11
524,4000698_2,10001358,1,1170335100,1170336000,-87.79,42.11
525,4000698_2,94000698,1,1170336300,1170351000,-87.75,42.11
526,4000698_2,10001495,1,1170351900,1170358380,-87.69,42.07
527,4000698_2,10001553,1,1170358500,1170360900,-87.69,42.07
528,4000698_2,94000698,1,1170361800,1170298740,-87.75,42.11
529,4000701_1,94000701,1,1170298800,1170316200,-87.99,42.07
530,4000701_1,10009664,1,1170319500,1170352200,-87.63,41.88
531,4000701_1,94000701,1,1170355800,1170298740,-87.99,42.07
532,4000701_2,94000701,1,1170298800,1170319800,-87.99,42.07
533,4000701_2,10001496,1,1170320400,1170324000,-87.98,42.08
534,4000701_2,10001554,1,1170324120,1170324180,-87.98,42.08
535,4000701_2,10001594,1,1170324900,1170329400,-88.03,42.17
536,4000701_2,94000701,1,1170330300,1170345600,-87.99,42.07
537,4000701_2,10001664,1,1170346200,1170348600,-88.01,42.08
538,4000701_2,94000701,1,1170349200,1170298740,-87.99,42.07
539,4000701_3,94000701,1,1170298800,1170319800,-87.99,42.07
540,4000701_3,10009664,1,1170320400,1170324000,-87.63,41.88
541,4000701_3,10001554,1,1170324120,1170324180,-87.98,42.08
542,4000701_3,10001594,1,1170324900,1170329400,-88.03,42.17
543,4000701_3,94000701,1,1170330300,1170345600,-87.99,42.07
544,4000701_3,10001554,1,1170346200,1170348600,-87.98,42.08
545,4000701_3,94000701,1,1170349200,1170298740,-87.99,42.07
546,4000701_4,94000701,1,1170298800,1170319800,-87.99,42.07
547,4000701_4,10009664,1,1170320400,1170324000,-87.63,41.88
548,4000701_4,10001554,1,1170324120,1170324180,-87.98,42.08
549,4000701_4,10001594,1,1170324900,1170329400,-88.03,42.17
550,4000701_4,94000701,1,1170330300,1170345600,-87.99,42.07
551,4000701_4,10001664,1,1170346200,1170348600,-88.01,42.08
552,4000701_4,94000701,1,1170349200,1170298740,-87.99,42.07
553,4000709_1,94000709,1,1170298800,1170310200,-88.16,41.79
554,4000709_1,20010886,1,1170312600,1170352200,-87.63,41.87
555,4000709_1,94000709,1,1170354900,1170298740,-88.16,41.79
556,4000709_1,94000709,2,1170385200,1170397800,-88.16,41.79
557,4000709_1,20010886,2,1170400500,1170435900,-87.63,41.87
558,4000709_1,94000709,2,1170438300,1170385140,-88.16,41.79
559,4000709_2,94000709,1,1170298800,1170324900,-88.16,41.79
560,4000709_2,20003768,1,1170325500,1170328500,-88.13,41.79
561,4000709_2,94000709,1,1170329100,1170298740,-88.16,41.79
562,4000709_2,94000709,2,1170385200,1170406500,-88.16,41.79
563,4000709_2,20003811,2,1170406800,1170407400,-88.13,41.79
564,4000709_2,20003747,2,1170408300,1170412800,-88.16,41.76
565,4000709_2,94000709,2,1170414000,1170415500,-88.16,41.79
566,4000709_2,20003811,2,1170415800,1170416400,-88.13,41.79
567,4000709_2,94000709,2,1170416700,1170385140,-88.16,41.79
568,4000709_3,94000709,1,1170298800,1170324900,-88.16,41.79
569,4000709_3,20003768,1,1170325500,1170328500,-88.13,41.79
570,4000709_3,94000709,1,1170329100,1170298740,-88.16,41.79
571,4000709_3,94000709,2,1170385200,1170406500,-88.16,41.79
572,4000709_3,20003550,2,1170406800,1170416400,-88.16,41.78
573,4000709_3,94000709,2,1170416700,1170385140,-88.16,41.79
574,4000709_4,94000709,1,1170298800,1170324900,-88.16,41.79
575,4000709_4,20003768,1,1170325500,1170328500,-88.13,41.79
576,4000709_4,94000709,1,1170329100,1170298740,-88.16,41.79
577,4000709_4,94000709,2,1170385200,1170406200,-88.16,41.79
578,4000709_4,20003551,2,1170406800,1170416400,-88.16,41.78
579,4000709_4,94000709,2,1170416700,1170385140,-88.16,41.79
580,4000717_1,94000717,1,1170298800,1170314700,-87.53,41.56
581,4000717_1,20001312,1,1170315780,1170318600,NA,NA
582,4000717_1,20001404,1,1170319500,1170323400,NA,NA
583,4000717_1,20001494,1,1170324600,1170342300,-87.5,41.68
584,4000717_1,94000717,1,1170344100,1170298740,-87.53,41.56
585,4000717_1,94000717,2,1170385200,1170400620,-87.53,41.56
586,4000717_1,20001312,2,1170401700,1170412200,NA,NA
587,4000717_1,20008020,2,1170413100,1170414000,-87.51,41.57
588,4000717_1,20008006,2,1170414600,1170415200,-87.51,41.59
589,4000717_1,20010896,2,1170415800,1170430500,-87.51,41.6
590,4000717_1,94000717,2,1170431700,1170385140,-87.53,41.56
591,4000717_2,94000717,1,1170298800,1170314100,-87.53,41.56
592,4000717_2,20010255,1,1170314400,1170320400,-87.54,41.58
593,4000717_2,20002017,1,1170321300,1170331200,-87.53,41.59
594,4000717_2,20010327,1,1170332100,1170333600,-87.56,41.57
595,4000717_2,94000717,1,1170334200,1170340500,-87.53,41.56
596,4000717_2,20010255,1,1170340800,1170345600,-87.54,41.58
597,4000717_2,94000717,1,1170346200,1170354600,-87.53,41.56
598,4000717_2,20002135,1,1170354900,1170363600,-87.53,41.56
599,4000717_2,94000717,1,1170363900,1170298740,-87.53,41.56
600,4000717_2,94000717,2,1170385200,1170400800,-87.53,41.56
601,4000717_2,20010255,2,1170401100,1170407100,-87.54,41.58
602,4000717_2,94000717,2,1170407700,1170411600,-87.53,41.56
603,4000717_2,20010327,2,1170412200,1170412500,-87.56,41.57
604,4000717_2,94000717,2,1170413100,1170424800,-87.53,41.56
605,4000717_2,20008104,2,1170425100,1170426600,-87.51,41.55
606,4000717_2,20010255,2,1170427200,1170432000,-87.54,41.58
607,4000717_2,94000717,2,1170432600,1170443100,-87.53,41.56
608,4000717_2,20008012,2,1170444600,1170449100,-87.63,41.51
609,4000717_2,94000717,2,1170450900,1170385140,-87.53,41.56
610,4000717_3,94000717,1,1170298800,1170327180,-87.53,41.56
611,4000717_3,20010327,1,1170327600,1170338700,-87.56,41.57
612,4000717_3,94000717,1,1170339300,1170357600,-87.53,41.56
613,4000717_3,20008104,1,1170357900,1170358800,-87.51,41.55
614,4000717_3,94000717,1,1170359100,1170363600,-87.53,41.56
615,4000717_3,20002282,1,1170363900,1170364200,-87.53,41.56
616,4000717_3,94000717,1,1170364320,1170298740,-87.53,41.56
617,4000717_3,94000717,2,1170385200,1170411900,-87.53,41.56
618,4000717_3,20010327,2,1170412440,1170425400,-87.56,41.57
619,4000717_3,94000717,2,1170426000,1170444600,-87.53,41.56
620,4000717_3,20008012,2,1170444900,1170449100,-87.63,41.51
621,4000717_3,94000717,2,1170450900,1170385140,-87.53,41.56
622,4000717_4,94000717,1,1170298800,1170319800,-87.53,41.56
623,4000717_4,20009770,1,1170320400,1170344100,-87.53,41.56
624,4000717_4,94000717,1,1170344700,1170357000,-87.53,41.56
625,4000717_4,20008104,1,1170357900,1170358800,-87.51,41.55
626,4000717_4,94000717,1,1170359100,1170298740,-87.53,41.56
627,4000717_4,94000717,2,1170385200,1170405900,-87.53,41.56
628,4000717_4,20009770,2,1170406200,1170430500,-87.53,41.56
629,4000717_4,94000717,2,1170431100,1170443100,-87.53,41.56
630,4000717_4,20008012,2,1170444600,1170449100,-87.63,41.51
631,4000717_4,94000717,2,1170450900,1170385140,-87.53,41.56
632,4000719_1,94000719,1,1170298800,1170326100,-88.13,42.11
633,4000719_1,20008269,1,1170326400,1170328500,-88.18,42.11
634,4000719_1,94000719,1,1170329100,1170333000,-88.13,42.11
635,4000719_1,20008363,1,1170333600,1170335400,-88.1,42.08
636,4000719_1,20008354,1,1170335520,1170335580,-88.04,42.07
637,4000719_1,94000719,1,1170336300,1170354900,-88.13,42.11
638,4000719_1,20008320,1,1170355500,1170356100,-88.13,42.11
639,4000719_1,94000719,1,1170356700,1170298740,-88.13,42.11
640,4000719_1,94000719,2,1170385200,1170419400,-88.13,42.11
641,4000719_1,20008363,2,1170420000,1170420300,-88.1,42.08
642,4000719_1,94000719,2,1170420900,1170385140,-88.13,42.11
643,4000719_2,94000719,1,1170298800,1170298740,-88.13,42.11
644,4000719_2,94000719,2,1170385200,1170432000,-88.13,42.11
645,4000719_2,20008347,2,1170432300,1170433500,-88.13,42.11
646,4000719_2,20008318,2,1170434100,1170437400,-88.01,42.09
647,4000719_2,94000719,2,1170438000,1170385140,-88.13,42.11
648,4000719_3,94000719,1,1170298800,1170307200,-88.13,42.11
649,4000719_3,20008374,1,1170310200,1170323400,-87.82,41.69
650,4000719_3,20008332,1,1170327540,1170330000,-87.98,42.09
651,4000719_3,20008374,1,1170333600,1170351000,-87.82,41.69
652,4000719_3,94000719,1,1170355500,1170298740,-88.13,42.11
653,4000719_3,94000719,2,1170385200,1170442800,-88.13,42.11
654,4000719_3,20008285,2,1170443700,1170445020,-88.05,42.05
655,4000719_3,20008411,2,1170445380,1170445740,-88.08,42.05
656,4000719_3,94000719,2,1170446700,1170385140,-88.13,42.11
657,4000762_1,94000762,1,1170298800,1170298740,-87.94,41.93
658,4000762_1,94000762,2,1170385200,1170424800,-87.94,41.93
659,4000762_1,20001405,2,1170424980,1170435000,-87.94,41.93
660,4000762_1,20001495,2,1170435900,1170438000,-87.94,41.93
661,4000762_1,94000762,2,1170438300,1170385140,-87.94,41.93
662,4000764_1,94000764,1,1170298800,1170307800,-87.75,41.58
663,4000764_1,20010642,1,1170309000,1170339900,-87.75,41.42
664,4000764_1,20001406,1,1170345600,1170358200,-87.7,41.56
665,4000764_1,20001496,1,1170359100,1170360000,-87.75,41.58
666,4000764_1,20001573,1,1170360600,1170360720,-87.77,41.59
667,4000764_1,20001639,1,1170361800,1170361920,-87.75,41.58
668,4000764_1,94000764,1,1170362100,1170298740,-87.75,41.58
669,4000764_1,94000764,2,1170385200,1170394200,-87.75,41.58
670,4000764_1,20010642,2,1170395100,1170426300,-87.75,41.42
671,4000764_1,20002018,2,1170428400,1170432000,-87.75,41.58
672,4000764_1,94000764,2,1170433800,1170385140,-87.75,41.58
673,4000764_2,94000764,1,1170298800,1170341100,-87.75,41.58
674,4000764_2,20010084,1,1170343800,1170374340,-87.63,41.88
675,4000764_2,20001860,1,NA,NA,-87.73,41.61
676,4000764_2,94000764,1,NA,1170298740,-87.75,41.58
677,4000764_2,94000764,2,1170385200,1170427500,-87.75,41.58
678,4000764_2,20010084,2,1170430200,1170460800,-87.63,41.88
679,4000764_2,20001860,2,NA,NA,-87.73,41.61
680,4000764_2,94000764,2,NA,1170385140,-87.75,41.58
681,4000798_1,94000798,1,1170298800,1170319980,-87.7,42.05
682,4000798_1,10001265,1,1170321300,1170331080,-87.66,41.98
683,4000798_1,94000798,1,1170332160,1170333960,-87.7,42.05
684,4000798_1,10001433,1,1170334740,1170341880,-87.75,42.05
685,4000798_1,94000798,1,1170342900,1170298740,-87.7,42.05
686,4000798_2,94000798,1,1170298800,1170298740,-87.7,42.05
687,4000820_1,94000820,1,1170298800,1170298740,-87.96,42.27
688,4000820_1,94000820,2,1170385200,1170399300,-87.96,42.27
689,4000820_1,20010372,2,1170400380,1170434220,-87.93,42.19
690,4000820_1,20001947,2,1170435000,1170436260,-87.95,42.22
691,4000820_1,20001978,2,1170436500,1170437880,-87.96,42.24
692,4000820_1,94000820,2,1170438480,1170385140,-87.96,42.27
693,4000820_2,94000820,1,1170298800,1170315960,-87.96,42.27
694,4000820_2,20001407,1,1170316080,1170316200,-87.96,42.27
695,4000820_2,20001497,1,1170316620,1170354780,-87.94,42.29
696,4000820_2,94000820,1,1170355140,1170358500,-87.96,42.27
697,4000820_2,20001640,1,1170358740,1170358800,-87.98,42.27
698,4000820_2,20001713,1,1170358860,1170358920,-87.98,42.27
699,4000820_2,20001761,1,1170359460,1170360060,-87.95,42.22
700,4000820_2,94000820,1,1170360600,1170298740,-87.96,42.27
701,4000820_2,94000820,2,1170385200,1170398820,-87.96,42.27
702,4000820_2,20001407,2,1170398880,1170399000,-87.96,42.27
703,4000820_2,20001497,2,1170399300,1170439920,-87.94,42.29
704,4000820_2,94000820,2,1170440280,1170385140,-87.96,42.27
705,4000832_1,94000832,1,1170298800,1170318060,-88.02,41.84
706,4000832_1,10001266,1,1170318300,1170318480,-88.02,41.84
707,4000832_1,10009216,1,1170319620,1170351000,-88.16,41.79
708,4000832_1,94000832,1,1170351600,1170355920,-88.02,41.84
709,4000832_1,94000832,1,1170357720,1170298740,-88.02,41.84
710,4000832_2,94000832,1,1170298800,1170310500,-88.02,41.84
711,4000832_2,10008656,1,1170310560,1170310740,-88.01,41.86
712,4000832_2,94000832,1,1170311100,1170313440,-88.02,41.84
713,4000832_2,10008519,1,1170313800,1170314100,-87.63,41.87
714,4000832_2,10001691,1,1170314880,1170315000,-87.9,41.88
715,4000832_2,10008799,1,1170315300,1170334380,-87.85,41.91
716,4000832_2,10001725,1,1170334680,1170337200,-87.87,41.92
717,4000832_2,10008799,1,1170337680,1170348600,-87.85,41.91
718,4000832_2,94000832,1,1170350400,1170350880,-88.02,41.84
719,4000832_2,10008519,1,1170351300,1170351600,-87.63,41.87
720,4000832_2,10001755,1,1170351780,1170352140,-88,41.88
721,4000832_2,94000832,1,1170352500,1170355320,-88.02,41.84
722,4000832_2,10001768,1,1170355980,1170359880,-88,41.88
723,4000832_2,94000832,1,1170360360,1170364380,-88.02,41.84
724,4000832_2,10008519,1,1170364560,1170364620,-87.63,41.87
725,4000832_2,94000832,1,1170364800,1170298740,-88.02,41.84
726,4000832_3,94000832,1,1170298800,1170313500,-88.02,41.84
727,4000832_3,10008519,1,1170313800,1170340680,-87.63,41.87
728,4000832_3,94000832,1,1170341760,1170350880,-88.02,41.84
729,4000832_3,10008519,1,1170351300,1170364620,-87.63,41.87
730,4000832_3,94000832,1,1170364980,1170298740,-88.02,41.84
731,4000832_4,94000832,1,1170298800,1170310680,-88.02,41.84
732,4000832_4,10008656,1,1170310920,1170341100,-88.01,41.86
733,4000832_4,94000832,1,1170342000,1170350880,-88.02,41.84
734,4000832_4,10008519,1,1170351300,1170351420,-87.63,41.87
735,4000832_4,10001755,1,1170351600,1170359880,-88,41.88
736,4000832_4,94000832,1,1170360000,1170298740,-88.02,41.84
737,4000832_5,94000832,1,1170298800,1170318060,-88.02,41.84
738,4000832_5,10008746,1,1170318300,1170342900,-87.63,41.88
739,4000832_5,94000832,1,1170343800,1170355320,-88.02,41.84
740,4000832_5,10001790,1,1170355980,1170359880,-88,41.88
741,4000832_5,94000832,1,1170360000,1170298740,-88.02,41.84
742,4000850_1,94000850,1,1170298800,1170313200,-87.63,41.9
743,4000850_1,20007721,1,1170315000,1170333000,-87.66,41.89
744,4000850_1,94000850,1,1170335400,1170298740,-87.63,41.9
745,4000850_1,94000850,2,1170385200,1170400200,-87.63,41.9
746,4000850_1,20007721,2,1170402000,1170431400,-87.66,41.89
747,4000850_1,20001641,2,1170432300,1170432600,-87.77,41.89
748,4000850_1,94000850,2,1170435000,1170385140,-87.63,41.9
749,4000850_2,94000850,1,1170298800,1170336600,-87.63,41.9
750,4000850_2,20001809,1,1170337800,1170340200,-87.63,41.9
751,4000850_2,94000850,1,1170340800,1170298740,-87.63,41.9
752,4000850_2,94000850,2,1170385200,1170417300,-87.63,41.9
753,4000850_2,20001948,2,1170417600,1170421200,-87.63,41.9
754,4000850_2,94000850,2,1170421500,1170424800,-87.63,41.9
755,4000850_2,20001641,2,1170428520,1170432600,-87.77,41.89
756,4000850_2,94000850,2,1170435000,1170435120,-87.63,41.9
757,4000850_2,20002082,2,1170437400,1170443400,-87.58,41.8
758,4000850_2,94000850,2,1170445200,1170385140,-87.63,41.9
759,4000866_1,94000866,1,1170298800,1170316200,-88.33,41.76
760,4000866_1,10001267,1,1170316320,1170316500,-88.33,41.76
761,4000866_1,10008520,1,1170316920,1170317400,NA,NA
762,4000866_1,94000866,1,1170317760,1170338400,-88.33,41.76
763,4000866_1,10008657,1,1170338760,1170340200,-88.46,42.31
764,4000866_1,94000866,1,1170340560,1170342600,-88.33,41.76
765,4000866_1,10008520,1,1170342900,1170343200,NA,NA
766,4000866_1,94000866,1,1170343500,1170351900,-88.33,41.76
767,4000866_1,10001666,1,1170352800,1170353400,NA,NA
768,4000866_1,10001692,1,1170358200,1170361800,-88.31,41.9
769,4000866_1,10001666,1,1170363600,1170364500,NA,NA
770,4000866_1,94000866,1,1170365400,1170298740,-88.33,41.76
771,4000866_2,94000866,1,1170298800,1170351900,-88.33,41.76
772,4000866_2,10008813,1,1170352800,1170293400,-88.3,41.76
773,4000866_2,94000866,1,1170294300,1170298740,-88.33,41.76
774,4000866_3,94000866,1,1170298800,1170316200,-88.33,41.76
775,4000866_3,10001267,1,1170316320,1170316500,-88.33,41.76
776,4000866_3,10008520,1,1170316920,1170343200,NA,NA
777,4000866_3,94000866,1,1170343500,1170351900,-88.33,41.76
778,4000866_3,10001666,1,1170352800,1170364500,NA,NA
779,4000866_3,94000866,1,1170365400,1170298740,-88.33,41.76
780,4000866_4,94000866,1,1170298800,1170316200,-88.33,41.76
781,4000866_4,10001267,1,1170316320,1170316500,-88.33,41.76
782,4000866_4,10008657,1,1170316920,1170340200,-88.46,42.31
783,4000866_4,94000866,1,1170340560,1170351900,-88.33,41.76
784,4000866_4,10001666,1,1170352800,1170364500,NA,NA
785,4000866_4,94000866,1,1170365400,1170298740,-88.33,41.76
786,4000890_1,94000890,1,1170298800,1170313200,-88.11,41.68
787,4000890_1,10009248,1,1170315900,1170331200,-87.98,41.7
788,4000890_1,94000890,1,1170332100,1170334200,-88.11,41.68
789,4000890_1,10009248,1,1170335100,1170348300,-87.98,41.7
790,4000890_1,94000890,1,1170350700,1170298740,-88.11,41.68
791,4000890_2,94000890,1,1170298800,1170315000,-88.11,41.68
792,4000890_2,10005903,1,1170315900,1170319500,-88.05,41.69
793,4000890_2,94000890,1,1170320100,1170333900,-88.11,41.68
794,4000890_2,10005903,1,1170334800,1170340200,-88.05,41.69
795,4000890_2,94000890,1,1170341100,1170344700,-88.11,41.68
796,4000890_2,10005903,1,1170345600,1170345900,-88.05,41.69
797,4000890_2,94000890,1,1170347400,1170298740,-88.11,41.68
798,4000890_3,94000890,1,1170298800,1170311400,-88.11,41.68
799,4000890_3,10008521,1,1170312900,1170340200,-88.2,41.68
800,4000890_3,94000890,1,1170342000,1170298740,-88.11,41.68
801,4000890_4,94000890,1,1170298800,1170311400,-88.11,41.68
802,4000890_4,10008658,1,1170312900,1170340200,-88.2,41.68
803,4000890_4,94000890,1,1170342000,1170298740,-88.11,41.68
804,4000890_5,94000890,1,1170298800,1170315000,-88.11,41.68
805,4000890_5,10008747,1,1170315900,1170340200,-88.05,41.69
806,4000890_5,94000890,1,1170341100,1170298740,-88.11,41.68
807,4000890_6,94000890,1,1170298800,1170315000,-88.11,41.68
808,4000890_6,10008775,1,1170315900,1170345600,-88.05,41.69
809,4000890_6,94000890,1,1170347400,1170298740,-88.11,41.68
810,4000890_7,94000890,1,1170298800,1170315000,-88.11,41.68
811,4000890_7,10005753,1,1170315900,1170340200,-88.05,41.69
812,4000890_7,94000890,1,1170341100,1170298740,-88.11,41.68
813,4000900_1,94000900,1,1170298800,1170329400,-87.69,42.02
814,4000900_1,20001313,1,1170330300,1170330420,-87.75,42.01
815,4000900_1,20001408,1,1170330900,1170331020,-87.75,42.03
816,4000900_1,20001498,1,1170331200,1170342900,-87.74,42.02
817,4000900_1,20001574,1,1170343200,1170345000,-87.75,42.03
818,4000900_1,20001408,1,1170345300,1170345420,-87.75,42.03
819,4000900_1,20001313,1,1170345720,1170345840,-87.75,42.01
820,4000900_1,94000900,1,1170346740,1170298740,-87.69,42.02
821,4000900_1,94000900,2,1170385200,1170409500,-87.69,42.02
822,4000900_1,20001861,2,1170410400,1170415800,-87.75,42.01
823,4000900_1,20001914,2,1170416400,1170420300,-87.76,42.01
824,4000900_1,20001949,2,1170420900,1170430200,-87.75,42.01
825,4000900_1,94000900,2,1170431400,1170385140,-87.69,42.02
826,4000912_1,94000912,1,1170298800,1170318000,-87.59,41.79
827,4000912_1,20010425,1,1170318600,1170318900,-87.59,41.79
828,4000912_1,94000912,1,1170319500,1170324000,-87.59,41.79
829,4000912_1,94000912,1,1170325800,1170298740,-87.59,41.79
830,4000912_1,94000912,2,1170385200,1170409800,-87.59,41.79
831,4000912_1,20003037,2,1170410400,1170410700,-87.59,41.8
832,4000912_1,94000912,2,1170411000,1170413400,-87.59,41.79
833,4000912_1,20003067,2,1170414000,1170414060,-87.58,41.79
834,4000912_1,20003037,2,1170414600,1170414660,-87.59,41.8
835,4000912_1,94000912,2,1170414900,1170414960,-87.59,41.79
836,4000912_1,20003103,2,1170415200,1170419400,-87.6,41.79
837,4000912_1,94000912,2,1170419700,1170445200,-87.59,41.79
838,4000912_1,20003127,2,1170446100,1170450000,-87.59,41.79
839,4000912_1,94000912,2,1170450900,1170385140,-87.59,41.79
840,4000912_2,94000912,1,1170298800,1170318000,-87.59,41.79
841,4000912_2,20009856,1,1170318600,1170318900,-87.59,41.79
842,4000912_2,20009950,1,1170319200,1170352800,-87.59,41.79
843,4000912_2,94000912,1,1170353100,1170298740,-87.59,41.79
844,4000912_2,94000912,2,1170385200,1170405000,-87.59,41.79
845,4000912_2,20009950,2,1170405900,1170421200,-87.59,41.79
846,4000912_2,94000912,2,1170422400,1170445200,-87.59,41.79
847,4000912_2,20003127,2,1170446100,1170450000,-87.59,41.79
848,4000912_2,94000912,2,1170450900,1170385140,-87.59,41.79
849,4000912_3,94000912,1,1170298800,1170315000,-87.59,41.79
850,4000912_3,20009615,1,1170318000,1170319800,-87.63,41.89
851,4000912_3,94000912,1,1170322800,1170324000,-87.59,41.79
852,4000912_3,94000912,1,1170325800,1170298740,-87.59,41.79
853,4000912_3,94000912,2,1170385200,1170409500,-87.59,41.79
854,4000912_3,20010284,2,1170410400,1170414000,-87.58,41.79
855,4000912_3,20003037,2,1170414600,1170414660,-87.59,41.8
856,4000912_3,94000912,2,1170414900,1170414960,-87.59,41.79
857,4000912_3,20003103,2,1170415200,1170419400,-87.6,41.79
858,4000912_3,94000912,2,1170419700,1170445200,-87.59,41.79
859,4000912_3,20003127,2,1170446100,1170450000,-87.59,41.79
860,4000912_3,94000912,2,1170450900,1170385140,-87.59,41.79
861,4000912_4,94000912,1,1170298800,1170316560,-87.59,41.79
862,4000912_4,20009771,1,1170316980,1170340800,-87.59,41.79
863,4000912_4,94000912,1,1170342000,1170342600,-87.59,41.79
864,4000912_4,20009615,1,1170343200,1170344700,-87.63,41.89
865,4000912_4,94000912,1,1170345600,1170298740,-87.59,41.79
866,4000912_4,94000912,2,1170385200,1170445200,-87.59,41.79
867,4000912_4,20003127,2,1170446100,1170450000,-87.59,41.79
868,4000912_4,94000912,2,1170450900,1170385140,-87.59,41.79
869,4000912_5,94000912,1,1170298800,1170316500,-87.59,41.79
870,4000912_5,20009856,1,1170316800,1170340800,-87.59,41.79
871,4000912_5,94000912,1,1170341400,1170298740,-87.59,41.79
872,4000912_5,94000912,2,1170385200,1170409800,-87.59,41.79
873,4000912_5,20003037,2,1170410400,1170414660,-87.59,41.8
874,4000912_5,94000912,2,1170414900,1170421200,-87.59,41.79
875,4000912_5,94000912,2,1170421800,1170422400,-87.59,41.79
876,4000912_5,94000912,2,1170423000,1170445200,-87.59,41.79
877,4000912_5,20003127,2,1170446100,1170450000,-87.59,41.79
878,4000912_5,94000912,2,1170450900,1170385140,-87.59,41.79
879,4000912_6,94000912,1,1170298800,1170318000,-87.59,41.79
880,4000912_6,20009890,1,1170318600,1170318900,-87.59,41.79
881,4000912_6,94000912,1,1170341400,1170298740,-87.59,41.79
882,4000912_6,94000912,2,1170385200,1170421200,-87.59,41.79
883,4000912_6,94000912,2,1170421800,1170422400,-87.59,41.79
884,4000912_6,94000912,2,1170423000,1170445200,-87.59,41.79
885,4000912_6,20003127,2,1170446100,1170450000,-87.59,41.79
886,4000912_6,94000912,2,1170450900,1170385140,-87.59,41.79
887,4000918_1,94000918,1,1170298800,1170318600,-87.68,42
888,4000918_1,20011734,1,1170322980,1170349200,-87.67,41.87
889,4000918_1,94000918,1,1170354000,1170298740,-87.68,42
890,4000918_1,94000918,2,1170385200,1170405000,-87.68,42
891,4000918_1,20011734,2,1170409380,1170435600,-87.67,41.87
892,4000918_1,94000918,2,1170440400,1170385140,-87.68,42
893,4000943_1,94000943,1,1170298800,1170314100,-87.9,41.92
894,4000943_1,10009532,1,1170316200,1170351000,-88.18,42.11
895,4000943_1,10001359,1,1170351660,1170352080,-88.16,42.01
896,4000943_1,10001434,1,1170353520,1170354480,-87.94,41.93
897,4000943_1,94000943,1,1170354900,1170362160,-87.9,41.92
898,4000943_1,10001555,1,1170364080,1170298740,-87.61,41.85
899,4000943_2,94000943,1,1170298800,1170315000,-87.9,41.92
900,4000943_2,10001632,1,1170315660,1170316020,-87.9,41.94
901,4000943_2,10009007,1,1170317040,1170359700,-87.79,41.94
902,4000943_2,94000943,1,1170361440,1170298740,-87.9,41.92
903,4000943_3,94000943,1,1170298800,1170298740,-87.9,41.92
904,4000945_1,94000945,1,1170298800,1170344100,-88.14,42.22
905,4000945_1,10001268,1,1170345480,1170349920,-88.03,42.1
906,4000945_1,10001360,1,1170352020,1170354600,-88.25,42.19
907,4000945_1,10001435,1,1170354900,1170357000,-88.22,42.17
908,4000945_1,94000945,1,1170357600,1170298740,-88.14,42.22
909,4000966_1,94000966,1,1170298800,1170313500,-88.32,42.22
910,4000966_1,20009857,1,1170313800,1170313860,-88.34,42.22
911,4000966_1,20010457,1,1170319500,1170351900,-87.81,42.13
912,4000966_1,94000966,1,1170356400,1170360900,-88.32,42.22
913,4000966_1,20003436,1,1170361500,1170366300,-88.31,42.23
914,4000966_1,20003445,1,1170367200,1170368100,-88.28,42.2
915,4000966_1,94000966,1,1170368700,1170298740,-88.32,42.22
916,4000966_1,94000966,2,1170385200,1170408600,-88.32,42.22
917,4000966_1,20003471,2,1170409200,1170410700,-88.28,42.2
918,4000966_1,20003476,2,1170411900,1170417000,-88.28,42.2
919,4000966_1,20003445,2,1170417600,1170418500,-88.28,42.2
920,4000966_1,94000966,2,1170419100,1170385140,-88.32,42.22
921,4000966_2,94000966,1,1170298800,1170298740,-88.32,42.22
922,4000966_2,94000966,2,1170385200,1170408600,-88.32,42.22
923,4000966_2,20003471,2,1170409200,1170410700,-88.28,42.2
924,4000966_2,20003476,2,1170411900,1170417000,-88.28,42.2
925,4000966_2,20003445,2,1170417600,1170418500,-88.28,42.2
926,4000966_2,94000966,2,1170419100,1170421200,-88.32,42.22
927,4000966_2,20003519,2,1170421500,1170432000,-88.32,42.22
928,4000966_2,94000966,2,1170432300,1170385140,-88.32,42.22
929,4000966_3,94000966,1,1170298800,1170298740,-88.32,42.22
930,4000966_3,94000966,2,1170385200,1170408600,-88.32,42.22
931,4000966_3,20003471,2,1170409200,1170410700,-88.28,42.2
932,4000966_3,20003476,2,1170411900,1170417000,-88.28,42.2
933,4000966_3,20003445,2,1170417600,1170418500,-88.28,42.2
934,4000966_3,94000966,2,1170419100,1170385140,-88.32,42.22
935,4000966_4,94000966,1,1170298800,1170322200,-88.32,42.22
936,4000966_4,20009772,1,1170325800,1170336600,-88.05,42.05
937,4000966_4,94000966,1,1170340200,1170298740,-88.32,42.22
938,4000966_4,94000966,2,1170385200,1170424800,-88.32,42.22
939,4000966_4,20003519,2,1170425100,1170426000,-88.32,42.22
940,4000966_4,94000966,2,1170426300,1170385140,-88.32,42.22
941,4000966_5,94000966,1,1170298800,1170313500,-88.32,42.22
942,4000966_5,20009857,1,1170313800,1170341400,-88.34,42.22
943,4000966_5,94000966,1,1170342300,1170343800,-88.32,42.22
944,4000966_5,20003380,1,1170344400,1170352800,-88.28,42.2
945,4000966_5,94000966,1,1170353400,1170298740,-88.32,42.22
946,4000966_5,94000966,2,1170385200,1170385140,-88.32,42.22
947,4000966_6,94000966,1,1170298800,1170315000,-88.32,42.22
948,4000966_6,20003381,1,1170316500,1170349200,-88.51,42.11
949,4000966_6,94000966,1,1170351000,1170298740,-88.32,42.22
950,4000966_6,94000966,2,1170385200,1170441900,-88.32,42.22
951,4000966_6,20003545,2,1170442500,1170450900,-88.31,42.23
952,4000966_6,94000966,2,1170451500,1170385140,-88.32,42.22
953,4000982_1,94000982,1,1170298800,1170314400,-87.66,41.76
954,4000982_1,10001269,1,1170314520,1170314580,-87.66,41.76
955,4000982_1,10009290,1,1170315000,1170327600,-87.61,41.87
956,4000982_1,10001436,1,1170328800,1170329400,-87.66,41.77
957,4000982_1,94000982,1,1170329700,1170333900,-87.66,41.76
958,4000982_1,10001556,1,1170334200,1170349200,-87.67,41.76
959,4000982_1,10001596,1,1170350100,1170351000,-87.73,41.76
960,4000982_1,94000982,1,1170351900,1170298740,-87.66,41.76
961,4001025_1,94001025,1,1170298800,1170318000,-87.65,41.84
962,4001025_1,20001314,1,1170318600,1170319200,-87.65,41.84
963,4001025_1,20010779,1,1170320700,1170328500,-87.59,41.79
964,4001025_1,20010779,1,1170330300,1170346200,-87.59,41.79
965,4001025_1,20001314,1,1170347400,1170348600,-87.65,41.84
966,4001025_1,94001025,1,1170349200,1170298740,-87.65,41.84
967,4001025_1,94001025,2,1170385200,1170404100,-87.65,41.84
968,4001025_1,20001314,2,1170404700,1170405600,-87.65,41.84
969,4001025_1,20002051,2,1170406800,1170419400,-87.64,41.97
970,4001025_1,20010779,2,1170422100,1170433800,-87.59,41.79
971,4001025_1,94001025,2,1170435000,1170385140,-87.65,41.84
972,4001025_2,94001025,1,1170298800,1170319800,-87.65,41.84
973,4001025_2,20010175,1,1170320580,1170346500,-87.62,41.81
974,4001025_2,20001314,1,1170347400,1170348300,-87.65,41.84
975,4001025_2,20001862,1,1170349200,1170349500,-87.68,41.79
976,4001025_2,20009573,1,1170351000,1170358200,-87.61,41.72
977,4001025_2,94001025,1,1170360000,1170298740,-87.65,41.84
978,4001025_2,94001025,2,1170385200,1170405600,-87.65,41.84
979,4001025_2,20010175,2,1170406620,1170433080,-87.62,41.81
980,4001025_2,20001314,2,1170433800,1170434400,-87.65,41.84
981,4001025_2,94001025,2,1170435000,1170439320,-87.65,41.84
982,4001025_2,20002184,2,1170440400,1170442800,-87.69,41.81
983,4001025_2,94001025,2,1170444000,1170385140,-87.65,41.84
984,4001025_3,94001025,1,1170298800,1170318000,-87.65,41.84
985,4001025_3,20001314,1,1170318600,1170348600,-87.65,41.84
986,4001025_3,94001025,1,1170349200,1170298740,-87.65,41.84
987,4001025_3,94001025,2,1170385200,1170404100,-87.65,41.84
988,4001025_3,20001314,2,1170404700,1170434400,-87.65,41.84
989,4001025_3,94001025,2,1170435000,1170385140,-87.65,41.84
990,4001041_1,94001041,1,1170298800,1170332100,-87.67,42.02
991,4001041_1,20002945,1,1170332700,1170333900,-87.68,42.02
992,4001041_1,94001041,1,1170334800,1170298740,-87.67,42.02
993,4001041_1,94001041,2,1170385200,1170385140,-87.67,42.02
994,4001041_2,94001041,1,1170298800,1170326100,-87.67,42.02
995,4001041_2,20010181,1,1170327600,1170352800,-87.68,42.03
996,4001041_2,20002945,1,1170354300,1170355200,-87.68,42.02
997,4001041_2,94001041,1,1170356400,1170298740,-87.67,42.02
998,4001041_2,94001041,2,1170385200,1170428400,-87.67,42.02
999,4001041_2,20003095,2,1170430200,1170435600,-87.71,42.06
